1_C01,1_C02,1_C03,1_C04,1_C05,1_C06,1_C07,1_C08,1_C09,1_C10,1_C11,1_C12,1_C13,1_C14,1_C15,1_C16,1_C17,1_C18,1_C19,1_C20,1_C21,3_C01,3_C02,3_C03,3_C04,3_C05,3_C06,3_C07,3_C08,3_C09,3_C10,3_C11,3_C12,3_C13,3_C14,3_C15,3_C16,6_C01,6_C02,6_C03,6_C04,6_C05,6_C06,6_C07,6_C08,6_C09,6_C10,6_C11,6_C12,6_C13,6_C14,6_C15,6_C16,6_C17,6_C18,6_C19,7_C01,7_C02,7_C03,7_C04,7_C05,11_C01,11_C02,11_C03,11_C04,11_C05,11_C06,11_C07,13_C01,13_C02,13_C03,13_C04,13_C05,13_C06,13_C07,13_C08,13_C09,8_C01,8_C02,8_C03,8_C04,8_C05,8_C06,8_C07,8_C08,8_C09,8_C10,8_C11,8_C12,9_C01,9_C02,9_C03,9_C04,9_C05,9_C06,9_C07,9_C08,9_C09,9_C10
0.0,0.057743049241042746,0.12295693309293342,0.18060701075425786,0.19364959263096554,0.1956439760087777,0.1713323427238777,0.17255584122877507,0.2600763150900227,0.2910862227086216,0.32257972557039016,0.34438411725024415,0.31073328908130154,0.229059366702185,0.17974308822675314,0.1295502377501496,0.14107806428581976,0.1761460663666312,0.16757753192069003,0.15404698411852308,0.15039555509648533,0.15491443297909074,0.1485641354493165,0.12826982244821222,0.1471363683011825,0.15949150726651376,0.1674660371545203,0.19515888746855345,0.2753349203973202,0.3665634786292251,0.32496860027324365,0.3389817505053653,0.3670431318667324,0.3517016148105124,0.2550357248940339,0.21146576385450278,0.14495096301746987,0.13081563274042607,0.1361568980214222,0.13415404141805146,0.14125619320133884,0.15285436604431446,0.19984590314795278,0.31426818115734284,0.3494335349035026,0.24306738870809802,0.1118126167905692,0.12218746984519724,0.1577397279539396,0.1677238994368258,0.1657890995013902,0.18443324540084607,0.23194140551143583,0.22103857405022798,0.17910396718345287,0.17872450959530234,0.21671599668481098,0.21802946331049217,0.1680998044590127,0.13949713394144642,0.13257109865665778,0.1175864890506241,0.13815151409571835,0.1645844892182874,0.2080147827860973,0.23190613972136007,0.24777600989896548,0.23486307669843579,0.22157941045169302,0.1941208724655049,0.1676461107404554,0.14207588294747653,0.1346152453407571,0.14751669396483816,0.21130216909398095,0.2584600272934575,0.2643458356086436,0.21959678755443843,0.1598591469305713,0.1073558865888975,0.09116886101697919,0.09175843357426762,0.0890546486491184,0.10942821696704713,0.14896752235485283,0.15978820649363243,0.17105480777477816,0.15696948637343178,0.15151831772216867,0.16298041098695376,0.1595393285214484,0.16576621381215795,0.17098982015571856,0.1650900836478186,0.14276702889391202,0.12950149209266248,0.1258495913230337,0.13673553190724547,0.16742063911237515
0.057743049241042746,0.0,0.07197488773917106,0.12560420793818505,0.141195075077055,0.13617023747981238,0.12538220567534145,0.12495090543342594,0.20269764046167396,0.2493538943562098,0.2966100367287748,0.30160779555095835,0.2950954744488548,0.2183039717524396,0.16253295932850897,0.10251757294092012,0.09784304522702694,0.12135851188204295,0.1318240555367567,0.14233034871188294,0.1443123209021903,0.14810157795368262,0.1287692684144684,0.12069636734291744,0.1432083466991422,0.16052663675621287,0.16878545629484595,0.19465381774966176,0.2845839682596923,0.37522729525469706,0.29554349248774225,0.2952357945983625,0.3305274909821093,0.31320358832343237,0.20832524643032155,0.14688725293010213,0.11858865183883069,0.12151231359492312,0.12659582386105198,0.1142193575762918,0.10676248206285205,0.11605631867464532,0.17540031164969114,0.3008553064768568,0.35997433082793273,0.24163372221085352,0.1158265906122927,0.11895807582516417,0.12815655042207344,0.1324104025957283,0.15219638475283354,0.19931509603613687,0.2738237804688471,0.28917752049718687,0.22882920818469304,0.1897515357097106,0.1918296141251873,0.17712814281729716,0.12286029775691425,0.09906162605618818,0.10265253608061549,0.11410419216715822,0.1360727161040445,0.15449975798611612,0.18164858015871527,0.20564274906408275,0.19692262987636286,0.1887657048059422,0.16768496993720255,0.14320782048597375,0.13366385311475817,0.1283756724319829,0.10856916208857507,0.11040077529051966,0.15703154163048652,0.2326395265373435,0.2509350695128966,0.20803959275596998,0.1669603113427039,0.13811221543407975,0.11649123113360874,0.10577729416628434,0.1061258952644978,0.140971913391259,0.17949307699399766,0.1919331016339053,0.1731570985086554,0.1538560025224336,0.13093317436044072,0.12324405985014122,0.13458088507817273,0.13547083446909558,0.14451274868160846,0.1518614736271749,0.1357297214960795,0.12740222283948188,0.12683040211313087,0.14166324310443337,0.161881339014388
0.12295693309293342,0.07197488773917106,0.0,0.08134280077689318,0.11054980899438195,0.1110874095720843,0.10440392768581505,0.12235180724569482,0.16195079779946098,0.21576302358693383,0.26038794604036414,0.28474566550085334,0.2793023734797957,0.19169646484085298,0.16543657734739967,0.09703650781624386,0.07784927767940722,0.1047899088929689,0.11518471549135632,0.12455161742432498,0.13143380221580028,0.13600577707652636,0.13460491909643965,0.13690000187425858,0.1695845220896352,0.2063014941034634,0.19475764256482495,0.21652494415555698,0.31113621130645974,0.34993021767235355,0.2396226202743999,0.23456702443958227,0.2720939401551384,0.2517494556576954,0.16148878885374562,0.1039791259937109,0.10661406995798632,0.12879912268617047,0.11638511992297965,0.09929464418919234,0.09368484193739056,0.1060593617289496,0.1869684353768804,0.32986838983271843,0.4214923623009947,0.29758674084279585,0.11886899142383109,0.11251789952750946,0.12233137256658498,0.13591773578218622,0.19356592044305276,0.23810662361669377,0.34823953217542325,0.3771771063258291,0.33392472291530545,0.22182244964466097,0.1698698381851132,0.1489675377245239,0.10560583036085605,0.1000399491108659,0.09024178364602284,0.1411977992243835,0.1695683866414673,0.1683647034929227,0.17621488848370104,0.18425424489099432,0.17257039222754897,0.146051685990788,0.11558180903283866,0.10598229466606787,0.12358261259661724,0.1165905273804786,0.10071940536039495,0.09062552612585387,0.14021969154186936,0.2234801713239403,0.259828110936162,0.2323695399033342,0.20299019569374122,0.20347140487861773,0.18841260538989515,0.15405896912998682,0.16322713204364642,0.1976650381993585,0.24467315703690018,0.2486307831092008,0.22018113738905623,0.16288302238777766,0.12207755444201755,0.10811428474743918,0.1101655298435206,0.11637219409142359,0.1338997725662134,0.14740012391465462,0.1371277191598584,0.14958548624602785,0.1593190323245189,0.1716678832493451,0.18420138693548174
0.18060701075425786,0.12560420793818505,0.08134280077689318,0.0,0.05859687233595135,0.07308812306087667,0.07821278986867312,0.0750486649967575,0.10660219627247876,0.1778181349466792,0.22701675520890408,0.2757928373970714,0.2873616727085807,0.2275334031417989,0.16316375346407827,0.1017219625976537,0.08367638174920793,0.10653391843721102,0.13684889294002814,0.15574808434187457,0.12893816486123547,0.13509601729895623,0.14927422893752454,0.15299215667758806,0.18089821311220183,0.21367702666941069,0.23146833891088758,0.2646063335669484,0.3637805018494087,0.3375052513050944,0.24369328707876922,0.22577101855592263,0.256421684637257,0.2369109227395222,0.1519058008510965,0.10955244545609853,0.10478130529470278,0.14007911726678512,0.14598773994793812,0.13283072460014464,0.1040427075136653,0.0766473659219915,0.13330885339110637,0.2609159003761634,0.34805965750849777,0.25236373734022133,0.13403781217817515,0.14394627474517668,0.12389705909072662,0.11431408169376008,0.15301076326126586,0.2723761194284943,0.36946481609804116,0.394544909909815,0.2698987228386007,0.17377204822539397,0.1654851650968738,0.17379209583886865,0.15107501961081665,0.1230974212698537,0.11049818022180907,0.14479603794357246,0.13698633188661352,0.13836871761677724,0.14196454385568813,0.14098722912772343,0.145839752117238,0.11694708191294435,0.08022107171212137,0.07865965015901678,0.1133928680820594,0.12774549038677757,0.11315473641635808,0.0996874834909125,0.09490086810489232,0.18757637804135968,0.2429963629353877,0.24556306676982867,0.20908355297529294,0.19367677083468865,0.1558857134692481,0.11556186532402851,0.13522145702658203,0.24275358732828484,0.31080544226167733,0.2902109318988753,0.219909689646871,0.17416377029001093,0.13879629124741555,0.13968964836960468,0.13028984753036188,0.12858558480769458,0.1475135022232027,0.15921012030474807,0.17185445224814408,0.17246093340215068,0.19132799186700566,0.1843582410087947,0.19494471235757277
0.19364959263096554,0.141195075077055,0.11054980899438195,0.05859687233595135,0.0,0.03586696806065764,0.07133696187179696,0.07087395180730349,0.08898467390330175,0.1609889082335628,0.2078491347895177,0.2803578332966577,0.2844839581189331,0.26233302309083956,0.21042646494147466,0.1398591061107105,0.09938925603530359,0.12714428465913372,0.1662016426705887,0.1909155380141088,0.1489060743162168,0.142701327516851,0.14969642076653644,0.16579864547150627,0.20116604582268047,0.2343642632340085,0.2567712138635458,0.311989012186624,0.3880091148477852,0.35604102085224837,0.2810956329190351,0.24729660257895097,0.2831779549009006,0.2627218199829571,0.17972315882605194,0.13011705487776562,0.12497496591754745,0.14537614660000034,0.16891122273147707,0.16096434626404535,0.12193444869860662,0.08979758979263266,0.11060221147409005,0.23152473970615883,0.3134179523200647,0.21966214421913366,0.15236717316246498,0.17258923978604507,0.15105025548206752,0.12835906521481993,0.15353354220885476,0.25098990933231785,0.3632021832021766,0.3735254159488804,0.23132648168987266,0.1842837136794678,0.19719570408445267,0.2094551642941467,0.19776062834279404,0.14897590166298572,0.12216751420226346,0.1317474742185703,0.1286398577554718,0.12863529290594436,0.12747611115136273,0.1414319937730488,0.1446052285457556,0.119599322881948,0.08878966094623637,0.09894942756061419,0.11759880004680866,0.1340916823413852,0.11986531719247125,0.10652352282876006,0.07524391112282043,0.16704796651824924,0.22966351781347696,0.22676077324996802,0.2084900128428034,0.17871097543005945,0.139143691033692,0.10410962191909567,0.11813017597818824,0.21945200554032535,0.2884408688379846,0.2628927568451566,0.22396119006564594,0.18761224774112936,0.1621543520859408,0.1599705734617513,0.1540118705285567,0.15116897639731008,0.15949066671246379,0.17464426221907434,0.18963259313966754,0.20515120581618337,0.2255157360394362,0.22299363858184257,0.22147468649413463
0.1956439760087777,0.13617023747981238,0.1110874095720843,0.07308812306087667,0.03586696806065764,0.0,0.0407821104353306,0.05928019902540184,0.09672900881102547,0.15031571582259606,0.2169217442775123,0.30098601413103193,0.32540064661867624,0.2729689730044979,0.20432242512318435,0.1402761578877971,0.10065037026437883,0.14727679358315837,0.17540396072719747,0.17691790369307125,0.14045714324877098,0.13220963339012845,0.13442072604118685,0.1426778241711409,0.1866106079354518,0.21517983015354378,0.2331777223584555,0.30001721469454473,0.43013397559445016,0.40376324854037304,0.31444944312668127,0.27639574971813385,0.3189830200810823,0.30835344520892605,0.21081229261771725,0.14060323087643128,0.1341718100500438,0.1627014533031171,0.18319665445194203,0.16546527732278768,0.14859556780326919,0.08990500848981098,0.1182492586175351,0.24571486360408415,0.3231519020242151,0.21925143441226644,0.1413081278180953,0.15789294712476737,0.14130761241743628,0.12459671830453337,0.13219041853318908,0.2180783878643169,0.3151881924270448,0.3340534044623935,0.21226055919708384,0.17412908286531464,0.17995036890061816,0.20041172362804935,0.19592205623452372,0.15979005517662984,0.12806787669706726,0.14296969361274794,0.1366853237637417,0.13191343153769966,0.13372609986615966,0.15033318692097564,0.15340428754168087,0.13685357356029595,0.0946684698919035,0.09908677441270315,0.10553484877927463,0.11969028056665713,0.11645007078209701,0.10549008758289129,0.08372661933040228,0.1834508804345208,0.24435599238602573,0.2317789784944483,0.20008440922290213,0.165745146517191,0.13670205584593442,0.10246716111230614,0.10769038770468606,0.18187621627694095,0.24756550931136917,0.2359052929058639,0.21295035044910413,0.19415963470889286,0.15982059557580963,0.15317225101726223,0.15849128061016446,0.16287107103903445,0.16976268589670848,0.1776127849494604,0.1861544202806521,0.195405081451015,0.20902396975654902,0.20871501290432842,0.20989450863348783
0.1713323427238777,0.12538220567534145,0.10440392768581505,0.07821278986867312,0.07133696187179696,0.0407821104353306,0.0,0.04062760013877822,0.11095492751237199,0.15884761408261702,0.2506105720975256,0.33018017877976147,0.3670766662803678,0.25864785918580724,0.18483984325525557,0.11366749728863615,0.10694370029291603,0.15963104538171027,0.17919991485994288,0.16140788036046183,0.1263708594566176,0.12006160193566841,0.12083102001015775,0.1257660607017918,0.1502628015700509,0.17970846085265138,0.1986548057118163,0.27331114737890017,0.4292784356075222,0.4657109087481456,0.33243559700214365,0.3005277482510162,0.3543112800614276,0.34760835119476097,0.2458692351779715,0.16575077137721167,0.15680072800611516,0.16953547630130683,0.1657591279846741,0.1501964586667902,0.14180101093920974,0.1192559083666147,0.16452561775367902,0.28688467253203426,0.3681636180305114,0.22185961743930957,0.1271049888477944,0.12679212960902114,0.11165032813155683,0.10308700366946237,0.09742118533510037,0.20036010735122908,0.2714630229000904,0.29470675251988904,0.19834000294205256,0.15220392198377777,0.1617747586392324,0.18594694503221312,0.18975572724988202,0.15192122503000882,0.14451572300624405,0.14140353757808838,0.1522602574542088,0.1584706850318685,0.1577902015387681,0.16316201864063828,0.16259520445602138,0.14618808931071944,0.10638345507426183,0.08580248604256319,0.08366276160368327,0.10535263432166447,0.10309197536024993,0.10768946954789461,0.12194000184582197,0.2231504818094815,0.27983768404398385,0.25210490936533797,0.1935842775338046,0.15594396246023018,0.12625275071783393,0.10061671340030408,0.08778456849013823,0.15262056745360036,0.2146227997170252,0.218360862573506,0.201974102969301,0.17833334327644024,0.1485126478065732,0.15081508475713717,0.16102983202650864,0.16651714617443716,0.17556401455872933,0.17428972483372734,0.18432352579239938,0.17287443829767699,0.1914118840502748,0.19472678309164287,0.19365803792068664
0.17255584122877507,0.12495090543342594,0.12235180724569482,0.0750486649967575,0.07087395180730349,0.05928019902540184,0.04062760013877822,0.0,0.06853359443367375,0.16810696415095372,0.2479403393010435,0.31861021081112445,0.3553573086837688,0.24809480019757232,0.1505799591131232,0.09761281378343352,0.11772100710478788,0.18250776499549928,0.1777424131670989,0.13021871947214014,0.0953769487545627,0.10277209759236904,0.11895880405174328,0.11452325558834295,0.13459877882360063,0.1488992112796242,0.17520913627717838,0.2512044023789559,0.3866607865037925,0.4780126864438672,0.33470438530416435,0.3022363373114689,0.35044544600393834,0.356637619449786,0.2677334312937816,0.1886947555771958,0.1671796041969144,0.1799329175357155,0.16313443113776238,0.15043809794144739,0.15243787162398847,0.1281404246762707,0.14501027997328023,0.265974082425154,0.341650261823484,0.22337911930999585,0.14177423760176147,0.1034792417952745,0.08397074450418622,0.08340038662165046,0.09396581774402994,0.1470412685916957,0.2369184785236671,0.21975694160484197,0.1122962369724466,0.09138016548296309,0.10242957577756781,0.16305916668920592,0.18746963729406538,0.15803308888815507,0.14917683488390748,0.14570367883020302,0.1544585179982969,0.14709943611336743,0.1548927974086472,0.16873349271316754,0.17454285868848818,0.15059423363524255,0.09555115235514065,0.06715024760415277,0.08001474196761232,0.10377505849720954,0.10631444908286221,0.1153995413928984,0.12947724077764128,0.2256946127809136,0.28963144034070776,0.26056694402722197,0.18198049695084242,0.14479193942842408,0.12309148731174888,0.09852820543759594,0.08780919224873697,0.11686495715985917,0.17408910905698202,0.19409920802026562,0.19187132765987086,0.18048707466231378,0.1567232243267372,0.15408790695873467,0.17131853557356436,0.16413874704180043,0.17007326973533426,0.1833142144419792,0.17843221261847236,0.18262076996012655,0.20370880902778093,0.1982948013991696,0.19760488494554493
0.2600763150900227,0.20269764046167396,0.16195079779946098,0.10660219627247876,0.08898467390330175,0.09672900881102547,0.11095492751237199,0.06853359443367375,0.0,0.10629208494280219,0.21010015141478944,0.28813710740337706,0.30223098563044204,0.27184814426551873,0.18525566686693476,0.14722746855727734,0.16528221408824276,0.19067400847833751,0.18191220067301397,0.15867002282202397,0.12324256340099715,0.12267519725450711,0.13677504647211902,0.1597459635050665,0.17113834963848873,0.18387894440031996,0.2111599388125892,0.2816966378207512,0.40678438060548394,0.45186363238968874,0.31610835506356244,0.2908537955833784,0.33737346522192774,0.33604035973227825,0.25151471105282863,0.18438870191221665,0.17328769741111327,0.19650625698589735,0.21499669532890286,0.19516844011090703,0.1899468783228992,0.13343306959522802,0.10364649584720836,0.19991251067423957,0.27440995959197273,0.21090340521546788,0.20235097168135513,0.15065900315016667,0.12390755087021532,0.10122519656006564,0.10756715465147314,0.13804630964775721,0.21266788286540733,0.19782224151308164,0.11691956883897031,0.08719840599669602,0.10787074125266556,0.151775024525226,0.18863876361165333,0.18215172422631626,0.1953136914983965,0.16400448576750698,0.15852652407359397,0.1467510734641805,0.14309237394291005,0.151804788462709,0.1689363313163556,0.14161963421263443,0.1050669198504126,0.0875568331626054,0.10571672987287331,0.13029889145227033,0.12929564304947783,0.13861442155005554,0.11321770198243353,0.18749314416592178,0.2596507944003628,0.27074177204767214,0.2258413088100083,0.1957444136716346,0.16255484044130278,0.14427544546727794,0.14553273274517184,0.18502790799899188,0.23579694421040745,0.24814547716529808,0.23698603200228155,0.21328235284109032,0.1881137298272202,0.18588548237450853,0.20666911874439683,0.19920884629048527,0.20467888421534483,0.215315544712204,0.22949935090798484,0.2533837787116783,0.2769397106124719,0.2642056580489634,0.23659350361683365
0.2910862227086216,0.2493538943562098,0.21576302358693383,0.1778181349466792,0.1609889082335628,0.15031571582259606,0.15884761408261702,0.16810696415095372,0.10629208494280219,0.0,0.12986954299198514,0.26731687977380447,0.27860879649243464,0.30876345022657864,0.2288810784993483,0.21137229081881148,0.20290203698108633,0.2227131032658578,0.2204353636047279,0.20754973081240735,0.18520431206696653,0.1734009995397985,0.1951248544489575,0.21309987837824385,0.23393574042512763,0.27081198570845844,0.2759058615690091,0.33522036180840736,0.40041637223959214,0.40537596559827516,0.28779044677347837,0.2724475775734452,0.30091708227862646,0.29428794270653297,0.2340104834214174,0.20350230139706962,0.19240943815774597,0.19349065473802018,0.21406353362938213,0.21403250813764887,0.20253440644379914,0.16971545902303134,0.14327213074141926,0.22471089640098968,0.2798256765793323,0.23536026166171478,0.258328674607067,0.2274563728936062,0.18330415107533946,0.15855200866708943,0.16518904945394464,0.24336201313891362,0.31690846574350695,0.2953793170203014,0.22658522754801816,0.1603870986036714,0.16224032198826127,0.19371029271787052,0.23543248555961138,0.24356348162821034,0.22490615919606247,0.1958856974506113,0.17150926902836008,0.15776572334275168,0.15766747316245353,0.16388141367582582,0.19365309557926227,0.17102802706111397,0.14249512379566973,0.1417734461637478,0.17335693661838192,0.19270931858384305,0.18931585522053104,0.18417903572744163,0.1616964678098235,0.21421721607954963,0.25546988311259433,0.2908696091391545,0.3047257207501228,0.2868531467745785,0.2604361463969559,0.23139137231963144,0.2496833679181031,0.29514078203366517,0.34971651165849815,0.36027681951253826,0.3254806767375168,0.28114008054794526,0.2608069118484698,0.2568252859448739,0.2481006336761018,0.24975058721531113,0.23118288943896118,0.2273554659767399,0.23413614066187402,0.248912518803451,0.25284636839898156,0.23699565640797907,0.2055483659211304
0.32257972557039016,0.2966100367287748,0.26038794604036414,0.22701675520890408,0.2078491347895177,0.2169217442775123,0.2506105720975256,0.2479403393010435,0.21010015141478944,0.12986954299198514,0.0,0.1379809970196143,0.2533853829571304,0.29073244135102194,0.3015304806737637,0.28270783098704844,0.23840195756148172,0.23250654677868518,0.2332219559759079,0.25626196505132576,0.2459144563056943,0.24221373662852638,0.2532074993217548,0.2844527699140173,0.32508178648900343,0.36992502931302984,0.3748383548305552,0.369059627925118,0.3598199139668698,0.2923359321366655,0.22476927777655795,0.20754360931658908,0.23840826939524729,0.24299834687584737,0.22927966730669827,0.22456001038565795,0.2367254082506934,0.23335795525056127,0.23067349823088676,0.23130466108326936,0.2384868826656864,0.21294301715806693,0.18315958264757118,0.22702682147686432,0.303326459073802,0.30922598875984497,0.31104649338617846,0.29817453530802807,0.26194275694852365,0.2509146344086305,0.27229451889154865,0.35811918194181686,0.4762182349731509,0.4562069999236706,0.3463456468164061,0.2784685130498162,0.25623742257143006,0.2628589165608704,0.2706104341875899,0.271850575780708,0.26904135860928663,0.24428959043352877,0.21307210002876073,0.1981396273828305,0.21179494989930606,0.2118069566625957,0.21688258338350677,0.19902505314630475,0.178325806915199,0.20965821740327203,0.2612975049069718,0.28711625266810936,0.2572989750319597,0.2295290851639529,0.17302185984911836,0.20969381803367454,0.2701221917538756,0.2789774278813295,0.31821586410057295,0.36095318105826535,0.34474196828731024,0.3198326975229686,0.3361007160272366,0.38526993166651224,0.4235035189704322,0.4143835982065033,0.37228711875188236,0.32688530116421716,0.3073779606775942,0.3023140979210499,0.2875526525143374,0.2800257746207173,0.2734993815942119,0.27403301512441197,0.29598461730360265,0.3048181642709953,0.2889798358988605,0.2599782947319469,0.2523056572687776
0.34438411725024415,0.30160779555095835,0.28474566550085334,0.2757928373970714,0.2803578332966577,0.30098601413103193,0.33018017877976147,0.31861021081112445,0.28813710740337706,0.26731687977380447,0.1379809970196143,0.0,0.13799280378318918,0.20097495645301117,0.271200543519204,0.28691231897555397,0.2712196765061369,0.2514083085708241,0.22591476097371557,0.23090178120635724,0.2653867343597188,0.30020811504816575,0.29929818533566555,0.2933698123454451,0.3101419114765562,0.3281696532564059,0.3209003017222208,0.2576208887183493,0.2618509894017258,0.24031414983027136,0.2010616375243148,0.1906741656372003,0.19151617211708263,0.20784311553830487,0.24902464259865845,0.24259471569913457,0.2573783515819401,0.25644110656370644,0.25272110118480895,0.24403408607732918,0.25055026636727556,0.23619110586307723,0.2392848826687656,0.25843314631522935,0.3128781795495916,0.3301667016128058,0.3361845906451935,0.2867868579966528,0.27534193981505417,0.29449940267029745,0.36072738015754896,0.4569913697927708,0.5223270689557811,0.5126479418714305,0.4455956273651573,0.33846936661445265,0.27148776221686605,0.25538316052722104,0.2589777834293011,0.26924321984720717,0.29057166071877405,0.30166407586721894,0.2888919740461966,0.25114186146991396,0.2548204749997279,0.24895834713966458,0.24264347965414598,0.240239888745581,0.2461567955624618,0.25725975915312405,0.2915831805596041,0.3004150606795088,0.264745596560111,0.2453744695907482,0.21602073271450783,0.2307752196408198,0.2748824466598241,0.31236657951540153,0.36422302082954466,0.4307801207991484,0.4292786122104277,0.4046026328455784,0.4034557014826835,0.43702649015970835,0.44363465634239113,0.4250316508465707,0.3695807509785214,0.32746588896002365,0.2939721736750165,0.3066717375375358,0.31213510026801056,0.3012888835006956,0.2871180957967171,0.2816706977778756,0.28834372359016053,0.30457585379339425,0.2934637148199997,0.25794516627989156,0.25627713866034774
0.31073328908130154,0.2950954744488548,0.2793023734797957,0.2873616727085807,0.2844839581189331,0.32540064661867624,0.3670766662803678,0.3553573086837688,0.30223098563044204,0.27860879649243464,0.2533853829571304,0.13799280378318918,0.0,0.12246669189436854,0.2471762065504646,0.29538426548730684,0.26557988207852584,0.24517999459924994,0.21192221533094513,0.22595936497921432,0.28666356611510124,0.30406107842411284,0.30334390677331335,0.29717723325099576,0.2987987380855077,0.30130189125869544,0.260772777907905,0.19415149488233527,0.18692881776306225,0.20907976011211296,0.22481487463213712,0.23411503092554967,0.21322222694307333,0.20024318805752422,0.2372357962280937,0.23972852042906928,0.24182688097590074,0.23265344499745755,0.21997482952988245,0.21486881882416228,0.21718899909266398,0.23373022712543776,0.2243859056257615,0.2943861354664195,0.36194739859728986,0.3201662602634101,0.33782488925831816,0.274035442273777,0.29131495977743144,0.3131505783341354,0.40069136304441494,0.4347485960841561,0.4757136620448351,0.48473444477947203,0.44736244139298775,0.3897309354111546,0.30683585395926405,0.2450367786973998,0.23065668502488812,0.23142794453929139,0.25544237818249954,0.25365086429375444,0.25729651209941534,0.27908985340647535,0.2707416829389473,0.2433721994243445,0.23504351208223742,0.23192332564440662,0.25249893387285643,0.3149875487785988,0.38651282265611214,0.348129295343979,0.2837822412041869,0.27798394835804485,0.22885746536032414,0.28095654653512897,0.30593184769603354,0.30796602094642805,0.3430392640235526,0.41510451766302575,0.4237956076756656,0.3965931779887093,0.37515996348251746,0.3730874061444059,0.35692164284550004,0.32350087693292856,0.28775814340342526,0.24789537035385417,0.24159375715640316,0.27138522514520647,0.28170337839398807,0.27232978919396816,0.2649074727366616,0.2586063318718879,0.25562736525579,0.24478664752155868,0.24137289472833173,0.23694584496035953,0.23358370556803185
0.229059366702185,0.2183039717524396,0.19169646484085298,0.2275334031417989,0.26233302309083956,0.2729689730044979,0.25864785918580724,0.24809480019757232,0.27184814426551873,0.30876345022657864,0.29073244135102194,0.20097495645301117,0.12246669189436854,0.0,0.10469395093721802,0.16601441291817381,0.19320247071169605,0.20048873585545238,0.15928444598041935,0.13609484604967428,0.16543455508577165,0.209609157123322,0.2178537413611372,0.20720513410441707,0.17954955227229882,0.17094075815060042,0.15018179218593072,0.12596872366427156,0.1474097953005464,0.21542400262534261,0.22788749498395,0.23971719848677447,0.24098765970132308,0.23229746744023927,0.2402987835462013,0.22843583287692726,0.21048881544697623,0.20583235942432304,0.19233871777461656,0.17269788914497763,0.182065961893986,0.20079621822439514,0.27070469875572895,0.4158271713662728,0.48077285657289087,0.3654896724651572,0.237669316755559,0.1495432559378761,0.14973997095777514,0.1778032351602986,0.2614366915242152,0.3317353779831425,0.36096838913378093,0.35233966540402506,0.3255898488076832,0.2485964365106297,0.19313311913483794,0.18375911704472725,0.17827449591031252,0.17789191255401146,0.2095272103880654,0.22114286322724258,0.24394821608041498,0.2424194838761362,0.25520314060864163,0.2438637490526134,0.23501685401580075,0.2516384126492215,0.22758230745873959,0.21319016924759202,0.22108967030532653,0.21360678703111316,0.18118602857276933,0.19780972462667268,0.25426437393501844,0.3301025326500309,0.34498271437032213,0.29349656569518273,0.2612419178549172,0.2851843429102114,0.28584124981155457,0.2617237212342017,0.26358245787405726,0.2500788832502508,0.24419416231591956,0.24977242538788536,0.23042105177219624,0.20437295515757498,0.18201532465642628,0.20335252230036102,0.22665090966639248,0.22682540663317205,0.21536080394342544,0.20900263665397875,0.20871400773264492,0.1996405735613706,0.18893979521779036,0.20448076087482195,0.2070982541503078
0.17974308822675314,0.16253295932850897,0.16543657734739967,0.16316375346407827,0.21042646494147466,0.20432242512318435,0.18483984325525557,0.1505799591131232,0.18525566686693476,0.2288810784993483,0.3015304806737637,0.271200543519204,0.2471762065504646,0.10469395093721802,0.0,0.07375241066650096,0.14691834304181745,0.1779479182473587,0.12547986554954993,0.08413997594391619,0.09463771564604205,0.14040165926765544,0.16322121537968862,0.1386695034091828,0.12112083622944672,0.10777047695661317,0.09590252293184365,0.10038392893426706,0.16484164523334058,0.252526757450957,0.26978728660870344,0.2675711105126845,0.30478393214528526,0.29711663122082066,0.25698244998114445,0.23161682001493275,0.19432871391415485,0.17528799625812053,0.1657374858628975,0.16621983349706526,0.18436011118193651,0.2104436095802895,0.2691215475609115,0.42543200083642874,0.5105617171150952,0.3471941562578813,0.21415563002727903,0.10298917423932247,0.08118328557196333,0.1037149763308454,0.15888600036191813,0.24339761750930894,0.26858942544379893,0.24381959936825595,0.18663820711189394,0.12745709771803776,0.1152685365671983,0.14369391141555338,0.15533757325352324,0.16298735208795967,0.18712460309636644,0.19540362754818147,0.2239411645955549,0.249685970941632,0.2721118966496403,0.2519099119497146,0.22483965642184373,0.22171772847192286,0.17881545031622573,0.1412811534772521,0.15086956338536867,0.15147539776676505,0.14463253908985668,0.18258058986285441,0.2490672075115576,0.34335489292417615,0.36272935612686746,0.28946573680521853,0.21296560355178676,0.1838960265866997,0.17043977174590577,0.1611124992484147,0.15862007457386862,0.1830512139787287,0.21639865201744338,0.23316476534319508,0.22569329856836076,0.19931317651081773,0.1633798041720083,0.18523199301782456,0.2230693042843676,0.20949034838245936,0.1962572930836594,0.1947631661898818,0.17756105098117012,0.17455031584206382,0.1724934805001338,0.1771716036909803,0.19591069993748003
0.1295502377501496,0.10251757294092012,0.09703650781624386,0.1017219625976537,0.1398591061107105,0.1402761578877971,0.11366749728863615,0.09761281378343352,0.14722746855727734,0.21137229081881148,0.28270783098704844,0.28691231897555397,0.29538426548730684,0.16601441291817381,0.07375241066650096,0.0,0.08263381688727256,0.12300211055087198,0.09923696909826299,0.07696629660422254,0.07968543309385248,0.11583372232884365,0.13740745822435874,0.119896385225555,0.114926514780392,0.1282190180089269,0.1258274811724047,0.15089076310111343,0.2122981142103197,0.2688671202249047,0.2501569555438125,0.26243164261720403,0.31451707372211507,0.28992800792088425,0.2123752192850761,0.1868320007436072,0.15104343389902664,0.1431742328586771,0.13564657096607452,0.1292653637292529,0.13966906306408192,0.15438433418038755,0.20760925297794292,0.3653881939458975,0.44507842889683047,0.28366021937162367,0.16228137869798193,0.08665498066838279,0.06851440037144597,0.0928587753230625,0.13026350821322874,0.21087693249893794,0.24354883293728713,0.2323559918301292,0.15976272169764302,0.101585341935418,0.1001906577621729,0.1238401181291661,0.12964389786399452,0.13052482922556843,0.14085522749640733,0.16074960273354702,0.195780366305943,0.20422553209313685,0.2118431025127871,0.20181815565817704,0.18321517635721724,0.16553130588703652,0.1184331323461158,0.09476148485590745,0.10631761644605685,0.11588395571887959,0.1189171010908636,0.12366361020034213,0.18433045085887964,0.28107502410252944,0.3220110786946051,0.25232355884212493,0.1778307269317766,0.14161857886668458,0.11924758602657626,0.10461478747041376,0.10321766625289384,0.14320625109995122,0.20574876121460964,0.24358839513710365,0.23454713219174791,0.19526625192313365,0.15424985747365663,0.1550308905501503,0.17426865196119404,0.16151076365802894,0.16105072542167265,0.16503524872519157,0.1529259871067759,0.1399305964547094,0.14163065549246012,0.1440695744664859,0.17133550522749963
0.14107806428581976,0.09784304522702694,0.07784927767940722,0.08367638174920793,0.09938925603530359,0.10065037026437883,0.10694370029291603,0.11772100710478788,0.16528221408824276,0.20290203698108633,0.23840195756148172,0.2712196765061369,0.26557988207852584,0.19320247071169605,0.14691834304181745,0.08263381688727256,0.0,0.06425373462122233,0.08538772391322545,0.12350904445106345,0.13979234916625113,0.15450783643571556,0.161180593066562,0.15798969774081506,0.18212969443862964,0.2084871496298377,0.21366886367792787,0.23221751877383234,0.2917548114421036,0.2956720620294246,0.20405277652943135,0.21812212265863049,0.2489622695264389,0.21660925842006468,0.14376270543811392,0.10979946164868287,0.11184396094556315,0.12726993621699378,0.12892068988063385,0.11185352070384492,0.09414161360026739,0.09140638410488786,0.1774516958213014,0.33221951640415154,0.4320128916319797,0.308695717792654,0.14334302273649382,0.1440714957884434,0.11799541853668667,0.11712644338553167,0.1717419929459089,0.25584331119577813,0.31369454207450465,0.33963197627194597,0.2878177903038405,0.207785796619719,0.17557838197377695,0.1612910761183021,0.12475505543050902,0.09425688525463727,0.0969867639077011,0.151906769814741,0.17934768859032332,0.1787084457200084,0.1769379127880935,0.18631516089303843,0.15453256878380045,0.12995855487357644,0.09293593120696123,0.0976765708047525,0.11058531463334838,0.11746678525225576,0.10970375496532846,0.09457967818650527,0.13805663996390902,0.2418314742190084,0.2965981574368336,0.26327049988681167,0.21405500730038463,0.19196647058613237,0.1610845169886435,0.13101577162269978,0.13763091065048058,0.18887771930632344,0.25461158317711424,0.2737669344320778,0.24092946041970648,0.1875243271717597,0.15505586074621566,0.1336265954275645,0.13996821642555415,0.13892132891286973,0.15280261672839873,0.1654801541394271,0.15797330843008509,0.16681221857973277,0.17415670083593987,0.171640008072191,0.18377581970683948
0.1761460663666312,0.12135851188204295,0.1047899088929689,0.10653391843721102,0.12714428465913372,0.14727679358315837,0.15963104538171027,0.18250776499549928,0.19067400847833751,0.2227131032658578,0.23250654677868518,0.2514083085708241,0.24517999459924994,0.20048873585545238,0.1779479182473587,0.12300211055087198,0.06425373462122233,0.0,0.06195842265933997,0.12702228707320282,0.1669077867806094,0.19241610291288025,0.1873999552867525,0.17720287989403682,0.21500608275439223,0.2522637671568648,0.2361029242382598,0.21774620332920325,0.25079806267875787,0.25876787406354235,0.16292932130864912,0.16387333708030677,0.19407499060688807,0.17007154698298124,0.09774513608437589,0.10128082179010728,0.11435158624253079,0.1306758362722203,0.13598532257461474,0.11378936849143326,0.10547739979977405,0.11980548721290087,0.21696756771363845,0.36878294350679625,0.47269451895861464,0.3559259204207308,0.17118640557542922,0.18032826163565044,0.152814548205908,0.15453611228683142,0.23740734689088147,0.28473797310645893,0.35646677789755715,0.3760087674222145,0.3288253612610505,0.2546394053501833,0.19256145191396382,0.14655214208280337,0.10281820149609848,0.07713616404552931,0.10481441227080764,0.17419180485726365,0.18671390146599987,0.1829209617651482,0.1805787551014756,0.1735462775824354,0.14929444243693699,0.12823442275417407,0.1111314538207892,0.14123281365561682,0.18668348933881113,0.17693048542964035,0.13496167702906237,0.10545967612830713,0.15529260116360308,0.2533232127851249,0.31565800102421127,0.3019884263828017,0.28070205314776725,0.25412990570445976,0.2357663362261212,0.2037026557557977,0.19344038824485676,0.2354035008148212,0.29991005857441827,0.2971775283421124,0.2652791437425012,0.20182828586171556,0.15869615056730688,0.1437753957484018,0.13783495309856883,0.14605483645316106,0.16052670827571866,0.17768285679463286,0.17898567669807167,0.18944023412495647,0.1939732802727216,0.18837298823388857,0.189751602434754
0.16757753192069003,0.1318240555367567,0.11518471549135632,0.13684889294002814,0.1662016426705887,0.17540396072719747,0.17919991485994288,0.1777424131670989,0.18191220067301397,0.2204353636047279,0.2332219559759079,0.22591476097371557,0.21192221533094513,0.15928444598041935,0.12547986554954993,0.09923696909826299,0.08538772391322545,0.06195842265933997,0.0,0.06366412674596045,0.11852752857694464,0.16920463311147865,0.16701032182379438,0.15435284942381253,0.1765424723183507,0.20119963014962647,0.17413221436531978,0.14263649159985442,0.14048924706610738,0.2089302694151874,0.16865794331739495,0.1737899405924962,0.19405579059765138,0.17428199413912826,0.1285478938195953,0.13988914159725002,0.1359272101796645,0.13450458867137954,0.13573102485617788,0.12281032429448718,0.11706819446134405,0.13938032964313937,0.24134354457522086,0.41348318906851067,0.515981616171635,0.39065532085859217,0.20169293411996847,0.14215524429012813,0.12329149299472995,0.13500755872779335,0.21872332888396806,0.26394382118420906,0.31298965543402546,0.3125313658607828,0.25759187736634714,0.17694179686031977,0.10655377041275192,0.07679583835714084,0.07887506657853915,0.08820232189929834,0.15795403975111075,0.15087413946843908,0.17654168657245264,0.1865279831550409,0.19101472925093466,0.17019593844923475,0.1601084446565735,0.152673914155684,0.13988984001118177,0.1481074123304979,0.1875672150238038,0.1664064345184183,0.1273826507604941,0.1225205996503962,0.1988882196336077,0.30992324760507733,0.3350236644732174,0.3107408908323343,0.2839725250867349,0.26866700687073186,0.2533490808703893,0.22890218982737576,0.2116031052683697,0.21734100388750033,0.2579954196517369,0.2846172468207235,0.27247938950217576,0.22235754909311065,0.18192082320332986,0.17389677797270436,0.17603083060645627,0.17705291782057844,0.1768951341597248,0.17950962476117405,0.1748606578035676,0.18442370741470182,0.1813864642298031,0.17350001770686965,0.17976749968816652
0.15404698411852308,0.14233034871188294,0.12455161742432498,0.15574808434187457,0.1909155380141088,0.17691790369307125,0.16140788036046183,0.13021871947214014,0.15867002282202397,0.20754973081240735,0.25626196505132576,0.23090178120635724,0.22595936497921432,0.13609484604967428,0.08413997594391619,0.07696629660422254,0.12350904445106345,0.12702228707320282,0.06366412674596045,0.0,0.06820979221127105,0.1311395824668719,0.15390285146072066,0.135154475399168,0.12464079587544521,0.13868134394539308,0.12224705388425243,0.12207268226268679,0.16076172124139243,0.2466752167898029,0.2158804113742577,0.21751463616630254,0.24495586372526912,0.23785947074884325,0.19393665685739486,0.19522759356906716,0.15327695771580263,0.14408181461847153,0.14052211902084377,0.1370012471367355,0.14322586871147347,0.19493039447170624,0.2726706650108571,0.4418907718122786,0.517714368121572,0.38149180214223116,0.20885803481440188,0.1013115906953495,0.0894390019874515,0.09476795063619446,0.15786160509873193,0.2480657279024019,0.2752210726094468,0.2610219283095625,0.2071960336280192,0.11089102269391743,0.06631644560662545,0.07611857037332197,0.10423299220504567,0.12958950714844458,0.18445970766513567,0.16351482701413386,0.17826685656078667,0.19889541951744114,0.22867623718362207,0.21009867929658818,0.18489056492467187,0.17392712618337014,0.14472305601582378,0.12518717042991379,0.13654444607767519,0.1282267983626855,0.12071169977430993,0.1313140429341891,0.23086855060856318,0.3435347484016706,0.3634041361132465,0.30349001064526776,0.2393734890113198,0.23863853910230226,0.21502046958791204,0.19435712236068972,0.19084636291614085,0.20318128334872154,0.23185681181610535,0.2587236087942928,0.24025744120822362,0.21249390353115893,0.17999071851339812,0.17386303800988778,0.2077790299945903,0.19864325498775298,0.18482732733959342,0.179768979786544,0.1709474289845701,0.16707107706708768,0.1609354844043276,0.16263664587372972,0.17417125599074543
